0
1.3
3.7
3.85
3.95
4
4.03
4.05
4.07
4.11
4.15
4.17
4.24
4.29
4.34
4.38
4.41
4.43
4.46
4.48
4.51
4.55
4.58
4.6
4.65
4.68
4.71
4.74
4.77
4.8
4.81
4.83
4.85
4.86
4.88
4.89
4.91
4.92
4.93
4.94
4.95
4.96
4.97
5
5.33
5.44
5.47
5.49
5.51
5.52
5.53
5.54
5.55
5.55
5.61
5.66
5.7
5.73
5.76
5.8
5.85
5.9
5.95
5.99
6.03
6.06
6.1
6.13
6.16
6.19
6.21
6.24
6.24
6.25
6.25
6.25
6.25
6.25
6.25
6.25
6.26
6.26
6.26
6.25
6.25
6.24
6.22
6.21
6.19
6.17
6.14
6.1
6.05
6
5.93
5.87
5.83
5.8
5.77
5.73
5.7
5.67
5.64
5.6
5.58
5.55
5.53
5.51
5.48
5.45
5.41
5.35
5.26
5.12
4.95
4.46
1
0
0
0
